10.0
31.0
54.084875
79.4298998646
107.221584806
137.658034757
170.949282726
207.317592473
246.997725621
290.237168156
337.296311101
388.448580072
443.980508287
504.191747632
569.395012349
639.915950002
716.092934472
798.276775941
886.830343009
982.128092442
1084.55550236
1194.50840512
1312.39221671
1438.62105984
1573.61677884
1717.80784488
1871.62815089
2035.51569654
2209.91116411
2395.25638749
2591.99271697
2800.55928407
3021.39117102
3254.9174912
3501.55938733
3761.72795568
4035.82210526
4324.2263623
4627.30863095
4945.41792239
5278.88206517
5628.00541051
5993.06654707
6374.31604009
6771.97421067
7186.22897097
7617.23373174
8065.10539852
8529.92247289
9011.72327513
9510.50430417
10026.2187504
10558.7751765
11108.0363797
11673.8184501
12255.8900358
12853.9718269
13467.7362675
14096.8075048
14740.76158
15399.126869
16071.3847732
16756.9706636
17455.2750773
