z[m]	p[mb]	tls[K/s]	qls[kg/kg/s]	uls	vls	wls[m/s]
0.,	33,	1012	day,levels,pres0			
46.6	1006.68	0.00E+00	0.00E+00	-1.0000	0.0000	0.0000
160.3	993.76	0.00E+00	0.00E+00	-1.0000	0.0000	0.0000
301.7	977.87	0.00E+00	0.00E+00	-1.0000	0.0000	0.0000
470.7	959.12	0.00E+00	0.00E+00	-1.0000	0.0000	0.0000
667.2	937.67	0.00E+00	0.00E+00	-1.0000	0.0000	0.0000
891.4	913.7	0.00E+00	0.00E+00	-1.0000	0.0000	0.0000
1143.1	887.38	0.00E+00	0.00E+00	-1.0000	0.0000	0.0000
1422.4	858.91	0.00E+00	0.00E+00	-1.0000	0.0000	0.0000
1729.3	828.51	0.00E+00	0.00E+00	-1.0000	0.0000	0.0000
2063.8	796.4	0.00E+00	0.00E+00	-1.0000	0.0000	0.0000
2425.9	762.83	0.00E+00	0.00E+00	-1.0000	0.0000	0.0000
2815.5	728.03	0.00E+00	0.00E+00	-1.0000	0.0000	0.0000
3232.8	692.23	0.00E+00	0.00E+00	-1.0000	0.0000	0.0000
3677.6	655.67	0.00E+00	0.00E+00	-1.0000	0.0000	0.0000
4150	618.59	0.00E+00	0.00E+00	-1.0000	0.0000	0.0000
4650	581.27	0.00E+00	0.00E+00	-1.0000	0.0000	0.0000
5177.6	543.94	0.00E+00	0.00E+00	-1.0000	0.0000	0.0000
5732.8	506.84	0.00E+00	0.00E+00	-1.0000	0.0000	0.0000
6315.5	470.17	0.00E+00	0.00E+00	-1.0000	0.0000	0.0000
6925.9	434.13	0.00E+00	0.00E+00	-1.0000	0.0000	0.0000
7563.8	398.88	0.00E+00	0.00E+00	-1.0000	0.0000	0.0000
8229.3	364.59	0.00E+00	0.00E+00	-1.0000	0.0000	0.0000
8922.4	331.38	0.00E+00	0.00E+00	-1.0000	0.0000	0.0000
9643.1	299.38	0.00E+00	0.00E+00	-1.0000	0.0000	0.0000
10391.4	268.72	0.00E+00	0.00E+00	-1.0000	0.0000	0.0000
11167.2	239.49	0.00E+00	0.00E+00	-1.0000	0.0000	0.0000
11970.7	211.81	0.00E+00	0.00E+00	-1.0000	0.0000	0.0000
12801.7	185.81	0.00E+00	0.00E+00	-1.0000	0.0000	0.0000
13660.3	161.6	0.00E+00	0.00E+00	-1.0000	0.0000	0.0000
14546.6	139.36	0.00E+00	0.00E+00	-1.0000	0.0000	0.0000
15460.3	119.24	0.00E+00	0.00E+00	-1.0000	0.0000	0.0000
16401.7	101.39	0.00E+00	0.00E+00	-1.0000	0.0000	0.0000
17370.7	85.8	0.00E+00	0.00E+00	-1.0000	0.0000	0.0000
999.,	33,	1012	day,levels,pres0			
46.6	1006.68	0.00E+00	0.00E+00	-1.0000	0.0000	0.0000
160.3	993.76	0.00E+00	0.00E+00	-1.0000	0.0000	0.0000
301.7	977.87	0.00E+00	0.00E+00	-1.0000	0.0000	0.0000
470.7	959.12	0.00E+00	0.00E+00	-1.0000	0.0000	0.0000
667.2	937.67	0.00E+00	0.00E+00	-1.0000	0.0000	0.0000
891.4	913.7	0.00E+00	0.00E+00	-1.0000	0.0000	0.0000
1143.1	887.38	0.00E+00	0.00E+00	-1.0000	0.0000	0.0000
1422.4	858.91	0.00E+00	0.00E+00	-1.0000	0.0000	0.0000
1729.3	828.51	0.00E+00	0.00E+00	-1.0000	0.0000	0.0000
2063.8	796.4	0.00E+00	0.00E+00	-1.0000	0.0000	0.0000
2425.9	762.83	0.00E+00	0.00E+00	-1.0000	0.0000	0.0000
2815.5	728.03	0.00E+00	0.00E+00	-1.0000	0.0000	0.0000
3232.8	692.23	0.00E+00	0.00E+00	-1.0000	0.0000	0.0000
3677.6	655.67	0.00E+00	0.00E+00	-1.0000	0.0000	0.0000
4150	618.59	0.00E+00	0.00E+00	-1.0000	0.0000	0.0000
4650	581.27	0.00E+00	0.00E+00	-1.0000	0.0000	0.0000
5177.6	543.94	0.00E+00	0.00E+00	-1.0000	0.0000	0.0000
5732.8	506.84	0.00E+00	0.00E+00	-1.0000	0.0000	0.0000
6315.5	470.17	0.00E+00	0.00E+00	-1.0000	0.0000	0.0000
6925.9	434.13	0.00E+00	0.00E+00	-1.0000	0.0000	0.0000
7563.8	398.88	0.00E+00	0.00E+00	-1.0000	0.0000	0.0000
8229.3	364.59	0.00E+00	0.00E+00	-1.0000	0.0000	0.0000
8922.4	331.38	0.00E+00	0.00E+00	-1.0000	0.0000	0.0000
9643.1	299.38	0.00E+00	0.00E+00	-1.0000	0.0000	0.0000
10391.4	268.72	0.00E+00	0.00E+00	-1.0000	0.0000	0.0000
11167.2	239.49	0.00E+00	0.00E+00	-1.0000	0.0000	0.0000
11970.7	211.81	0.00E+00	0.00E+00	-1.0000	0.0000	0.0000
12801.7	185.81	0.00E+00	0.00E+00	-1.0000	0.0000	0.0000
13660.3	161.6	0.00E+00	0.00E+00	-1.0000	0.0000	0.0000
14546.6	139.36	0.00E+00	0.00E+00	-1.0000	0.0000	0.0000
15460.3	119.24	0.00E+00	0.00E+00	-1.0000	0.0000	0.0000
16401.7	101.39	0.00E+00	0.00E+00	-1.0000	0.0000	0.0000
17370.7	85.8	0.00E+00	0.00E+00	-1.0000	0.0000	0.0000
