z[m] p[mb] tp[K] q[g/kg] u[m/s] v[m/s] 
0., 33, 1012. day,levels,pres0 
 46.600000	1006.680000	297.389740	 15.750223	 -5.000000	  0.000000
160.300000	993.760000	297.512573	 15.476616	 -5.000000	  0.000000
301.700000	977.870000	297.681305	 15.232540	 -5.000000	  0.000000
470.700000	959.120000	297.961426	 14.736423	 -5.000000	  0.000000
667.200000	937.670000	298.472961	 13.860893	 -5.000000	  0.000000
891.400000	913.700000	299.238525	 12.815454	 -5.000000	  0.000000
1143.100000	887.380000	300.205933	 11.795563	 -5.000000	  0.000000
1422.400000	858.910000	301.370422	 10.801319	 -5.000000	  0.000000
1729.300000	828.510000	302.708099	  9.811095	 -5.000000	  0.000000
2063.800000	796.400000	304.153748	  8.842615	 -5.000000	  0.000000
2425.900000	762.830000	305.692017	  7.892213	 -5.000000	  0.000000
2815.500000	728.030000	307.349457	  6.958643	 -5.000000	  0.000000
3232.800000	692.230000	309.100433	  6.061445	 -5.000000	  0.000000
3677.600000	655.670000	311.031738	  5.202518	 -5.000000	  0.000000
4150.000000	618.590000	313.093567	  4.349797	 -5.000000	  0.000000
4650.000000	581.270000	315.288971	  3.516187	 -5.000000	  0.000000
5177.600000	543.940000	317.573395	  2.775743	 -5.000000	  0.000000
5732.800000	506.840000	319.812317	  2.164507	 -5.000000	  0.000000
6315.500000	470.170000	322.152893	  1.602710	 -5.000000	  0.000000
6925.900000	434.130000	324.476288	  1.113228	 -5.000000	  0.000000
7563.800000	398.880000	326.700867	  0.730828	 -5.000000	  0.000000
8229.300000	364.590000	328.596466	  0.470437	 -5.000000	  0.000000
8922.400000	331.380000	330.301758	  0.284967	 -5.000000	  0.000000
9643.100000	299.380000	331.700195	  0.165207	 -5.000000	  0.000000
10391.400000	268.720000	332.757812	  0.091991	 -5.000000	  0.000000
11167.200000	239.490000	333.631927	  0.050824	 -5.000000	  0.000000
11970.700000	211.810000	335.403625	  0.018817	 -5.000000	  0.000000
12801.700000	185.810000	338.465393	  0.006878	 -5.000000	  0.000000
13660.300000	161.600000	344.231506	  0.004987	 -5.000000	  0.000000
14546.600000	139.360000	356.132202	  0.005987	 -5.000000	  0.000000
15460.300000	119.240000	372.329803	  0.007985	 -5.000000	  0.000000
16401.700000	101.390000	388.928223	  0.009572	 -5.000000	  0.000000
17370.700000	 85.800000	405.523804	  0.009829	 -5.000000	  0.000000
999., 33, 1012. day,levels,pres0 
 46.600000	1006.680000	297.389740	 15.750223	 -5.000000	  0.000000
160.300000	993.760000	297.512573	 15.476616	 -5.000000	  0.000000
301.700000	977.870000	297.681305	 15.232540	 -5.000000	  0.000000
470.700000	959.120000	297.961426	 14.736423	 -5.000000	  0.000000
667.200000	937.670000	298.472961	 13.860893	 -5.000000	  0.000000
891.400000	913.700000	299.238525	 12.815454	 -5.000000	  0.000000
1143.100000	887.380000	300.205933	 11.795563	 -5.000000	  0.000000
1422.400000	858.910000	301.370422	 10.801319	 -5.000000	  0.000000
1729.300000	828.510000	302.708099	  9.811095	 -5.000000	  0.000000
2063.800000	796.400000	304.153748	  8.842615	 -5.000000	  0.000000
2425.900000	762.830000	305.692017	  7.892213	 -5.000000	  0.000000
2815.500000	728.030000	307.349457	  6.958643	 -5.000000	  0.000000
3232.800000	692.230000	309.100433	  6.061445	 -5.000000	  0.000000
3677.600000	655.670000	311.031738	  5.202518	 -5.000000	  0.000000
4150.000000	618.590000	313.093567	  4.349797	 -5.000000	  0.000000
4650.000000	581.270000	315.288971	  3.516187	 -5.000000	  0.000000
5177.600000	543.940000	317.573395	  2.775743	 -5.000000	  0.000000
5732.800000	506.840000	319.812317	  2.164507	 -5.000000	  0.000000
6315.500000	470.170000	322.152893	  1.602710	 -5.000000	  0.000000
6925.900000	434.130000	324.476288	  1.113228	 -5.000000	  0.000000
7563.800000	398.880000	326.700867	  0.730828	 -5.000000	  0.000000
8229.300000	364.590000	328.596466	  0.470437	 -5.000000	  0.000000
8922.400000	331.380000	330.301758	  0.284967	 -5.000000	  0.000000
9643.100000	299.380000	331.700195	  0.165207	 -5.000000	  0.000000
10391.400000	268.720000	332.757812	  0.091991	 -5.000000	  0.000000
11167.200000	239.490000	333.631927	  0.050824	 -5.000000	  0.000000
11970.700000	211.810000	335.403625	  0.018817	 -5.000000	  0.000000
12801.700000	185.810000	338.465393	  0.006878	 -5.000000	  0.000000
13660.300000	161.600000	344.231506	  0.004987	 -5.000000	  0.000000
14546.600000	139.360000	356.132202	  0.005987	 -5.000000	  0.000000
15460.300000	119.240000	372.329803	  0.007985	 -5.000000	  0.000000
16401.700000	101.390000	388.928223	  0.009572	 -5.000000	  0.000000
17370.700000	 85.800000	405.523804	  0.009829	 -5.000000	  0.000000
