z[m] p[mb] tp[K] q[g/kg] u[m/s] v[m/s] 
0., 33, 1012. day,levels,pres0 
 46.600000	1006.680000	296.756531	 14.261837	 -1.000000	  0.000000
160.300000	993.760000	296.852173	 14.133509	 -1.000000	  0.000000
301.700000	977.870000	296.972839	 13.997985	 -1.000000	  0.000000
470.700000	959.120000	297.146088	 13.696508	 -1.000000	  0.000000
667.200000	937.670000	297.484100	 13.032246	 -1.000000	  0.000000
891.400000	913.700000	298.143707	 11.983219	 -1.000000	  0.000000
1143.100000	887.380000	299.042419	 10.999825	 -1.000000	  0.000000
1422.400000	858.910000	300.149139	 10.074324	 -1.000000	  0.000000
1729.300000	828.510000	301.418243	  9.151957	 -1.000000	  0.000000
2063.800000	796.400000	302.791382	  8.246601	 -1.000000	  0.000000
2425.900000	762.830000	304.290222	  7.337679	 -1.000000	  0.000000
2815.500000	728.030000	305.901581	  6.430354	 -1.000000	  0.000000
3232.800000	692.230000	307.632263	  5.549271	 -1.000000	  0.000000
3677.600000	655.670000	309.558502	  4.668970	 -1.000000	  0.000000
4150.000000	618.590000	311.563599	  3.808075	 -1.000000	  0.000000
4650.000000	581.270000	313.654846	  3.021024	 -1.000000	  0.000000
5177.600000	543.940000	315.705566	  2.384066	 -1.000000	  0.000000
5732.800000	506.840000	317.779327	  1.827737	 -1.000000	  0.000000
6315.500000	470.170000	319.923431	  1.317662	 -1.000000	  0.000000
6925.900000	434.130000	322.021545	  0.905943	 -1.000000	  0.000000
7563.800000	398.880000	323.933472	  0.602385	 -1.000000	  0.000000
8229.300000	364.590000	325.594727	  0.386847	 -1.000000	  0.000000
8922.400000	331.380000	327.116272	  0.233277	 -1.000000	  0.000000
9643.100000	299.380000	328.414154	  0.132485	 -1.000000	  0.000000
10391.400000	268.720000	329.412109	  0.070419	 -1.000000	  0.000000
11167.200000	239.490000	330.220062	  0.034086	 -1.000000	  0.000000
11970.700000	211.810000	331.762817	  0.009765	 -1.000000	  0.000000
12801.700000	185.810000	335.280273	  0.001455	 -1.000000	  0.000000
13660.300000	161.600000	342.784241	  0.001829	 -1.000000	  0.000000
14546.600000	139.360000	357.226776	  0.003826	 -1.000000	  0.000000
15460.300000	119.240000	370.279785	  0.005197	 -1.000000	  0.000000
16401.700000	101.390000	383.608521	  0.005118	 -1.000000	  0.000000
17370.700000	 85.800000	399.952545	  0.005095	 -1.000000	  0.000000
999., 33, 1012. day,levels,pres0 
 46.600000	1006.680000	296.756531	 14.261837	 -1.000000	  0.000000
160.300000	993.760000	296.852173	 14.133509	 -1.000000	  0.000000
301.700000	977.870000	296.972839	 13.997985	 -1.000000	  0.000000
470.700000	959.120000	297.146088	 13.696508	 -1.000000	  0.000000
667.200000	937.670000	297.484100	 13.032246	 -1.000000	  0.000000
891.400000	913.700000	298.143707	 11.983219	 -1.000000	  0.000000
1143.100000	887.380000	299.042419	 10.999825	 -1.000000	  0.000000
1422.400000	858.910000	300.149139	 10.074324	 -1.000000	  0.000000
1729.300000	828.510000	301.418243	  9.151957	 -1.000000	  0.000000
2063.800000	796.400000	302.791382	  8.246601	 -1.000000	  0.000000
2425.900000	762.830000	304.290222	  7.337679	 -1.000000	  0.000000
2815.500000	728.030000	305.901581	  6.430354	 -1.000000	  0.000000
3232.800000	692.230000	307.632263	  5.549271	 -1.000000	  0.000000
3677.600000	655.670000	309.558502	  4.668970	 -1.000000	  0.000000
4150.000000	618.590000	311.563599	  3.808075	 -1.000000	  0.000000
4650.000000	581.270000	313.654846	  3.021024	 -1.000000	  0.000000
5177.600000	543.940000	315.705566	  2.384066	 -1.000000	  0.000000
5732.800000	506.840000	317.779327	  1.827737	 -1.000000	  0.000000
6315.500000	470.170000	319.923431	  1.317662	 -1.000000	  0.000000
6925.900000	434.130000	322.021545	  0.905943	 -1.000000	  0.000000
7563.800000	398.880000	323.933472	  0.602385	 -1.000000	  0.000000
8229.300000	364.590000	325.594727	  0.386847	 -1.000000	  0.000000
8922.400000	331.380000	327.116272	  0.233277	 -1.000000	  0.000000
9643.100000	299.380000	328.414154	  0.132485	 -1.000000	  0.000000
10391.400000	268.720000	329.412109	  0.070419	 -1.000000	  0.000000
11167.200000	239.490000	330.220062	  0.034086	 -1.000000	  0.000000
11970.700000	211.810000	331.762817	  0.009765	 -1.000000	  0.000000
12801.700000	185.810000	335.280273	  0.001455	 -1.000000	  0.000000
13660.300000	161.600000	342.784241	  0.001829	 -1.000000	  0.000000
14546.600000	139.360000	357.226776	  0.003826	 -1.000000	  0.000000
15460.300000	119.240000	370.279785	  0.005197	 -1.000000	  0.000000
16401.700000	101.390000	383.608521	  0.005118	 -1.000000	  0.000000
17370.700000	 85.800000	399.952545	  0.005095	 -1.000000	  0.000000
