z[m] p[mb] tp[K] q[g/kg] u[m/s] v[m/s] 
0., 33, 1012. day,levels,pres0 
 46.600000	1006.680000	296.833557	 14.296017	-20.000000	  0.000000
160.300000	993.760000	296.942505	 14.140379	-20.000000	  0.000000
301.700000	977.870000	297.078705	 14.004432	-20.000000	  0.000000
470.700000	959.120000	297.250580	 13.732159	-20.000000	  0.000000
667.200000	937.670000	297.566406	 13.105608	-20.000000	  0.000000
891.400000	913.700000	298.239685	 11.950943	-20.000000	  0.000000
1143.100000	887.380000	299.161957	 10.900373	-20.000000	  0.000000
1422.400000	858.910000	300.290009	  9.914965	-20.000000	  0.000000
1729.300000	828.510000	301.591064	  8.931685	-20.000000	  0.000000
2063.800000	796.400000	303.008484	  7.948046	-20.000000	  0.000000
2425.900000	762.830000	304.531250	  6.962095	-20.000000	  0.000000
2815.500000	728.030000	306.167786	  5.995295	-20.000000	  0.000000
3232.800000	692.230000	307.956665	  5.067248	-20.000000	  0.000000
3677.600000	655.670000	309.885559	  4.193370	-20.000000	  0.000000
4150.000000	618.590000	311.940857	  3.370023	-20.000000	  0.000000
4650.000000	581.270000	314.098114	  2.636285	-20.000000	  0.000000
5177.600000	543.940000	316.261780	  2.046080	-20.000000	  0.000000
5732.800000	506.840000	318.493591	  1.525009	-20.000000	  0.000000
6315.500000	470.170000	320.799255	  1.075920	-20.000000	  0.000000
6925.900000	434.130000	323.073669	  0.717137	-20.000000	  0.000000
7563.800000	398.880000	325.096985	  0.468363	-20.000000	  0.000000
8229.300000	364.590000	326.836212	  0.314350	-20.000000	  0.000000
8922.400000	331.380000	328.356567	  0.202591	-20.000000	  0.000000
9643.100000	299.380000	329.614288	  0.122213	-20.000000	  0.000000
10391.400000	268.720000	330.622467	  0.070954	-20.000000	  0.000000
11167.200000	239.490000	331.479980	  0.040647	-20.000000	  0.000000
11970.700000	211.810000	333.287964	  0.014765	-20.000000	  0.000000
12801.700000	185.810000	337.613586	  0.003788	-20.000000	  0.000000
13660.300000	161.600000	347.076996	  0.003298	-20.000000	  0.000000
14546.600000	139.360000	360.074219	  0.005250	-20.000000	  0.000000
15460.300000	119.240000	372.507599	  0.008464	-20.000000	  0.000000
16401.700000	101.390000	388.097229	  0.008988	-20.000000	  0.000000
17370.700000	 85.800000	404.808594	  0.009009	-20.000000	  0.000000
999., 33, 1012. day,levels,pres0 
 46.600000	1006.680000	296.833557	 14.296017	-20.000000	  0.000000
160.300000	993.760000	296.942505	 14.140379	-20.000000	  0.000000
301.700000	977.870000	297.078705	 14.004432	-20.000000	  0.000000
470.700000	959.120000	297.250580	 13.732159	-20.000000	  0.000000
667.200000	937.670000	297.566406	 13.105608	-20.000000	  0.000000
891.400000	913.700000	298.239685	 11.950943	-20.000000	  0.000000
1143.100000	887.380000	299.161957	 10.900373	-20.000000	  0.000000
1422.400000	858.910000	300.290009	  9.914965	-20.000000	  0.000000
1729.300000	828.510000	301.591064	  8.931685	-20.000000	  0.000000
2063.800000	796.400000	303.008484	  7.948046	-20.000000	  0.000000
2425.900000	762.830000	304.531250	  6.962095	-20.000000	  0.000000
2815.500000	728.030000	306.167786	  5.995295	-20.000000	  0.000000
3232.800000	692.230000	307.956665	  5.067248	-20.000000	  0.000000
3677.600000	655.670000	309.885559	  4.193370	-20.000000	  0.000000
4150.000000	618.590000	311.940857	  3.370023	-20.000000	  0.000000
4650.000000	581.270000	314.098114	  2.636285	-20.000000	  0.000000
5177.600000	543.940000	316.261780	  2.046080	-20.000000	  0.000000
5732.800000	506.840000	318.493591	  1.525009	-20.000000	  0.000000
6315.500000	470.170000	320.799255	  1.075920	-20.000000	  0.000000
6925.900000	434.130000	323.073669	  0.717137	-20.000000	  0.000000
7563.800000	398.880000	325.096985	  0.468363	-20.000000	  0.000000
8229.300000	364.590000	326.836212	  0.314350	-20.000000	  0.000000
8922.400000	331.380000	328.356567	  0.202591	-20.000000	  0.000000
9643.100000	299.380000	329.614288	  0.122213	-20.000000	  0.000000
10391.400000	268.720000	330.622467	  0.070954	-20.000000	  0.000000
11167.200000	239.490000	331.479980	  0.040647	-20.000000	  0.000000
11970.700000	211.810000	333.287964	  0.014765	-20.000000	  0.000000
12801.700000	185.810000	337.613586	  0.003788	-20.000000	  0.000000
13660.300000	161.600000	347.076996	  0.003298	-20.000000	  0.000000
14546.600000	139.360000	360.074219	  0.005250	-20.000000	  0.000000
15460.300000	119.240000	372.507599	  0.008464	-20.000000	  0.000000
16401.700000	101.390000	388.097229	  0.008988	-20.000000	  0.000000
17370.700000	 85.800000	404.808594	  0.009009	-20.000000	  0.000000
