z[m] p[mb] tp[K] q[g/kg] u[m/s] v[m/s] 
0., 33, 1012. day,levels,pres0 
 46.600000	1006.680000	298.036316	 17.000443	-10.000000	  0.000000
160.300000	993.760000	298.147614	 16.515047	-10.000000	  0.000000
301.700000	977.870000	298.329224	 16.155310	-10.000000	  0.000000
470.700000	959.120000	298.696167	 15.372707	-10.000000	  0.000000
667.200000	937.670000	299.366577	 14.193886	-10.000000	  0.000000
891.400000	913.700000	300.231628	 13.091766	-10.000000	  0.000000
1143.100000	887.380000	301.297119	 12.049419	-10.000000	  0.000000
1422.400000	858.910000	302.540070	 11.053600	-10.000000	  0.000000
1729.300000	828.510000	303.948547	 10.045832	-10.000000	  0.000000
2063.800000	796.400000	305.470795	  9.054612	-10.000000	  0.000000
2425.900000	762.830000	307.065643	  8.095015	-10.000000	  0.000000
2815.500000	728.030000	308.734131	  7.175289	-10.000000	  0.000000
3232.800000	692.230000	310.515015	  6.288959	-10.000000	  0.000000
3677.600000	655.670000	312.484100	  5.446237	-10.000000	  0.000000
4150.000000	618.590000	314.648315	  4.622600	-10.000000	  0.000000
4650.000000	581.270000	316.937561	  3.798797	-10.000000	  0.000000
5177.600000	543.940000	319.331573	  3.048950	-10.000000	  0.000000
5732.800000	506.840000	321.668335	  2.417995	-10.000000	  0.000000
6315.500000	470.170000	324.094635	  1.837350	-10.000000	  0.000000
6925.900000	434.130000	326.524445	  1.319757	-10.000000	  0.000000
7563.800000	398.880000	328.965607	  0.863634	-10.000000	  0.000000
8229.300000	364.590000	331.299652	  0.524109	-10.000000	  0.000000
8922.400000	331.380000	333.395844	  0.314351	-10.000000	  0.000000
9643.100000	299.380000	335.145813	  0.178395	-10.000000	  0.000000
10391.400000	268.720000	336.214661	  0.100767	-10.000000	  0.000000
11167.200000	239.490000	337.089081	  0.075777	-10.000000	  0.000000
11970.700000	211.810000	338.851501	  0.030511	-10.000000	  0.000000
12801.700000	185.810000	341.559723	  0.009487	-10.000000	  0.000000
13660.300000	161.600000	346.374390	  0.007229	-10.000000	  0.000000
14546.600000	139.360000	357.312622	  0.005633	-10.000000	  0.000000
15460.300000	119.240000	373.996674	  0.006916	-10.000000	  0.000000
16401.700000	101.390000	389.875549	  0.008588	-10.000000	  0.000000
17370.700000	 85.800000	406.167633	  0.009034	-10.000000	  0.000000
999., 33, 1012. day,levels,pres0 
 46.600000	1006.680000	298.036316	 17.000443	-10.000000	  0.000000
160.300000	993.760000	298.147614	 16.515047	-10.000000	  0.000000
301.700000	977.870000	298.329224	 16.155310	-10.000000	  0.000000
470.700000	959.120000	298.696167	 15.372707	-10.000000	  0.000000
667.200000	937.670000	299.366577	 14.193886	-10.000000	  0.000000
891.400000	913.700000	300.231628	 13.091766	-10.000000	  0.000000
1143.100000	887.380000	301.297119	 12.049419	-10.000000	  0.000000
1422.400000	858.910000	302.540070	 11.053600	-10.000000	  0.000000
1729.300000	828.510000	303.948547	 10.045832	-10.000000	  0.000000
2063.800000	796.400000	305.470795	  9.054612	-10.000000	  0.000000
2425.900000	762.830000	307.065643	  8.095015	-10.000000	  0.000000
2815.500000	728.030000	308.734131	  7.175289	-10.000000	  0.000000
3232.800000	692.230000	310.515015	  6.288959	-10.000000	  0.000000
3677.600000	655.670000	312.484100	  5.446237	-10.000000	  0.000000
4150.000000	618.590000	314.648315	  4.622600	-10.000000	  0.000000
4650.000000	581.270000	316.937561	  3.798797	-10.000000	  0.000000
5177.600000	543.940000	319.331573	  3.048950	-10.000000	  0.000000
5732.800000	506.840000	321.668335	  2.417995	-10.000000	  0.000000
6315.500000	470.170000	324.094635	  1.837350	-10.000000	  0.000000
6925.900000	434.130000	326.524445	  1.319757	-10.000000	  0.000000
7563.800000	398.880000	328.965607	  0.863634	-10.000000	  0.000000
8229.300000	364.590000	331.299652	  0.524109	-10.000000	  0.000000
8922.400000	331.380000	333.395844	  0.314351	-10.000000	  0.000000
9643.100000	299.380000	335.145813	  0.178395	-10.000000	  0.000000
10391.400000	268.720000	336.214661	  0.100767	-10.000000	  0.000000
11167.200000	239.490000	337.089081	  0.075777	-10.000000	  0.000000
11970.700000	211.810000	338.851501	  0.030511	-10.000000	  0.000000
12801.700000	185.810000	341.559723	  0.009487	-10.000000	  0.000000
13660.300000	161.600000	346.374390	  0.007229	-10.000000	  0.000000
14546.600000	139.360000	357.312622	  0.005633	-10.000000	  0.000000
15460.300000	119.240000	373.996674	  0.006916	-10.000000	  0.000000
16401.700000	101.390000	389.875549	  0.008588	-10.000000	  0.000000
17370.700000	 85.800000	406.167633	  0.009034	-10.000000	  0.000000
